2 0.000890
89 0.000885
133 0.000887
155 2.191032
233 0.000692
296 0.001126
376 0.000724
484 0.000696
623 0.000694
624 0.000718
710 0.000688
736 0.000727
807 0.000693
1023 2.005315
1072 1.311796
1174 0.000712
1233 0.000708
1249 0.000743
1317 0.000827
1326 0.000748
1411 0.000708
1474 0.000743
1492 0.000710
1704 0.000742
1758 0.000848
1759 0.000731
1790 0.000709
1815 0.000747
1875 0.000746
1898 0.000798
1936 0.000709
1949 0.000748
1991 0.000711
2146 0.801572
2232 0.000863
2325 0.000875
2542 0.000845
2619 0.000832
2631 0.000835
2710 0.000922
2898 0.000838
2905 0.000883
2953 0.001011
2969 0.000873
2970 0.000868
2985 0.000881
3039 0.000832
3114 0.000936
3237 0.000843
3371 0.000834
3419 0.000880
3614 2.446007
3667 0.000870
3801 0.000980
3825 0.000894
3865 0.000864
3866 0.000860
3892 0.000978
3962 0.000870
4062 0.000883
4124 0.000907
4126 0.000944
4174 0.000831
4244 0.000831
4324 0.000844
4348 0.000896
4368 0.000869
4437 0.000947
4474 0.000932
4513 0.000841
4644 0.000857
4652 0.000836
4685 0.000874
4769 0.000839
5114 0.000837
5278 0.000976
5422 0.000844
5439 0.000836
5442 0.000890
5559 2.044058
5568 0.000697
5658 1.535844
5691 0.680564
5696 0.000733
5699 0.000756
5916 0.000659
5992 0.000747
6051 0.000681
6099 2.820358
6213 0.000671
6269 0.000659
6353 0.000775
6519 0.000695
6667 0.000714
6699 0.000933
6702 0.000786
6735 0.000708
6753 0.000696
6755 0.000680
6756 0.000676
6810 0.000913
6811 0.000737
6853 0.000798
6984 2.648840
7064 0.000744
7075 0.000696
7103 0.000722
7197 0.000659
7257 0.000656
7591 0.000693
7601 0.000655
7604 0.000689
7688 0.000780
7694 0.000688
7712 0.000659
7755 0.000660
7808 0.000697
7937 0.000700
7998 0.000659
8109 0.000743
8178 0.000662
8240 0.000658
8304 0.000734
8422 0.000696
8479 0.000718
8559 1.089916
8600 0.000682
8643 0.000759
8691 1.758319
8696 0.000699
8715 0.000660
8836 0.000656
9068 0.000661
9075 0.000723
9133 0.000660
9135 0.000660
9194 0.000693
9261 1.066004
9271 0.000696
9274 0.000786
9394 0.000697
9420 0.561864
9469 0.000713
9477 0.000711
9504 0.000709
9590 0.000748
9793 0.000741
9822 0.000792
9840 0.000711
10042 0.000785
10128 0.000711
10202 2.808905
10264 0.000813
10365 0.000751
10375 0.000719
10381 0.000746
10407 0.000710
10548 0.000707
10553 0.000752
10558 0.268104
10561 0.000708
10662 0.000709
10794 0.000708
10832 0.000741
10921 0.692099
10984 0.000695
11026 0.000696
11046 0.000693
11084 0.000692
11119 0.000688
11153 0.000692
11205 0.000735
11450 0.000739
11514 1.879024
11563 0.000755
11708 0.000709
11858 0.000709
11859 1.437248
11997 0.000726
12019 0.000712
12183 0.000748
12194 0.000716
12202 0.000760
12203 0.000713
12230 0.000714
12327 0.000802
12348 0.000711
12420 0.000774
12491 0.644396
12515 2.682647
12668 0.000927
12739 0.000690
12834 0.000660
12895 0.000664
12976 0.000699
13146 3.049125
13173 0.000685
13211 0.000691
13234 0.000783
13244 0.000769
13245 0.000690
13312 0.000691
13384 0.000699
13596 0.000726
13618 0.000738
13619 0.000728
13683 0.000730
13719 0.000732
13779 0.000699
13827 0.000689
13830 0.000691
13835 0.000689
13964 1.463456
13984 1.141665
13994 0.000666
14010 0.000658
14016 2.936701
14047 0.000679
14060 2.101921
14208 0.000734
14212 0.000694
14293 1.372620
14294 0.001069
14299 0.000955
14348 0.001062
14352 0.001047
14384 0.001020
14404 0.260641
14415 0.001337
14418 0.001009
14452 0.001164
14488 0.001758
14616 0.001891
14753 0.001374
14903 0.001795
14919 0.001251
14932 0.001147
14944 3.196213
15005 0.001058
15040 2.024971
15059 0.000710
15210 2.778070
15246 0.000704
15362 1.122597
15416 0.000721
15447 0.000672
15506 0.000712
15544 2.540914
15618 0.000679
15667 0.000677
15668 0.000824
15908 0.000753
15994 0.000716
16065 2.333822
16088 0.439486
16191 0.000787
16304 0.000742
16320 0.000710
16327 0.000709
16332 0.000709
16356 0.000713
16452 0.000709
16468 0.000708
16519 0.000713
16706 0.000710
16772 1.532038
16827 0.000810
16926 0.000690
17026 0.000728
17089 0.000732
17111 0.000693
17145 0.000693
17184 0.000689
17229 0.000696
17250 0.000687
17268 0.000771
17359 0.000696
17379 0.000697
17477 0.000690
17573 1.074651
17582 0.000779
17694 0.000817
17734 3.220895
17747 0.000729
17840 0.000693
17892 0.000947
17967 0.000725
17984 0.000769
18118 1.845513
18218 0.000813
18224 0.000801
18287 0.000787
18370 0.000834
18404 2.204714
18502 0.000812
18625 0.000691
18946 0.000779
18993 0.000733
19009 0.000776
19207 0.000688
19214 1.789476
19279 0.000693
19303 0.000691
19323 0.000692
19568 0.000734
19593 0.000732
19602 0.000789
19613 1.302521
19668 0.427881
19679 1.009940
19763 0.000918
19833 0.000905
19894 0.000870
19910 0.000837
20075 0.000835
20129 0.000929
20164 0.000882
20271 0.000831
20284 0.608774
20422 0.001049
20424 1.484514
20436 0.000972
20508 0.001012
20538 0.000868
20730 0.001043
20737 0.001623
20811 0.528311
20888 0.000940
20894 0.000954
20960 0.647122
20983 0.188518
21008 0.000914
21021 0.000874
21151 0.000909
21168 0.000885
21261 1.489609
21387 0.000705
21475 0.000660
21476 0.000656
21609 0.000658
21632 0.000753
21701 0.000661
21748 0.000660
21817 0.000660
21860 0.267947
21976 0.000754
22186 0.000752
22206 1.110593
22255 0.000729
22376 1.843699
22401 0.000658
22402 2.644738
22440 0.000699
22444 0.000777
22516 0.000693
22581 0.000692
22589 0.000723
22902 0.000770
22931 0.000722
23039 0.000833
23062 0.001077
23130 0.000762
23195 0.000689
23231 0.000688
23290 0.000764
23295 0.000730
23329 0.000693
23454 0.000691
23458 0.000733
23599 0.000769
23681 0.976741
23771 0.000698
23905 0.000728
23959 0.000691
24038 0.000724
24047 0.000724
24151 0.000691
24152 0.000692
24167 0.000836
24213 0.291633
24500 0.000798
24523 0.000749
24551 0.000708
24654 0.000745
24679 0.000707
24711 0.000741
24762 2.076017
24798 0.000695
24852 0.000696
24862 0.000810
24939 0.000778
24948 2.586525
24950 0.000746
25094 0.000711
25211 0.000711
25217 0.000782
25304 0.000709
25307 0.000790
25428 0.000710
25585 0.000743
25636 0.000709
25656 0.000710
25671 0.000712
25687 0.000743
25699 0.000709
25895 0.000715
25943 0.000712
25958 0.000713
25994 0.000706
26084 0.000787
26157 1.755320
26316 0.000692
26323 0.000739
26513 0.000694
26576 0.000696
26761 0.000692
26765 0.000733
26796 0.000694
26833 0.000764
26978 0.000729
26984 0.000708
27135 0.000874
27143 0.000698
27144 0.000692
27174 0.000696
27217 0.000689
27267 0.000691
27312 0.000766
27413 0.000943
27608 0.001108
27826 2.146204
27839 0.001286
27888 0.001692
27891 1.358656
27947 0.000695
27949 1.633659
27987 0.262053
28001 0.000737
28006 0.000859
28033 0.000694
28046 0.212941
28086 2.476894
28169 0.000992
28173 0.000708
28263 0.000752
28474 0.000757
28504 0.000709
28563 0.000744
28617 0.000742
28666 0.000708
28685 0.000708
28718 0.000741
28906 0.001109
28936 0.000808
28960 0.000741
28971 3.392231
29012 0.001002
29116 0.000941
29167 0.000960
29187 0.000899
29272 0.130865
29410 0.000727
29592 0.000748
29611 0.000764
29630 0.000739
29707 3.271891
29713 0.000736
29717 0.000698
29764 0.000727
29790 2.961241
29792 0.000695
29802 0.000726
29933 0.000688
29953 0.000726
29968 0.000724
30139 0.000726
30169 0.000689
30173 0.000691
30229 0.000691
30239 0.000693
30240 0.000722
30290 0.000729
30329 0.734519
30394 0.000699
30422 0.000689
30459 0.000690
30584 0.000755
30608 0.000696
30746 0.000691
30884 0.000784
31045 0.000686
31069 0.000737
31168 0.000783
31235 0.000729
31238 2.668404
31276 0.000867
31431 0.402584
31499 0.000698
31500 0.000692
31637 0.000689
31683 0.000771
31701 0.000767
31731 0.000689
31933 0.000730
32034 0.000699
32063 0.000692
32108 0.000693
32402 0.000688
32432 0.000693
32454 0.000773
32618 0.000691
32741 0.000688
32784 0.000815
32801 0.000693
32815 0.000780
32922 0.000729
32947 0.000817
33022 0.000724
33026 0.000689
33107 0.000691
33111 0.000693
33180 0.000694
33276 2.294181
33323 0.000737
33335 0.000728
33346 0.000689
33393 0.000689
33420 0.000731
33628 0.000697
33641 0.000817
33706 0.000770
33715 0.000690
33861 0.000728
33882 0.000692
33909 0.000689
33917 0.000727
33934 0.000687
34003 0.000691
34014 0.184475
34157 0.000760
34179 0.000694
34195 0.000797
34354 0.000778
34372 0.000691
34378 0.000691
34429 0.000694
34454 0.000786
34471 0.000742
34475 0.000719
34529 0.000694
34546 0.000727
34687 0.000819
34777 0.000691
34822 0.000686
35015 0.000723
35157 0.000789
35279 0.000696
35304 0.000695
35351 0.000698
35441 0.000794
35475 0.000700
35477 0.000815
35518 0.000693
35539 0.000688
35622 0.000724
35632 0.000690
35639 0.000728
35650 0.000725
36001 0.000691
36038 0.000695
36166 0.000693
36201 0.000694
36416 0.000690
36419 1.607806
36435 0.000732
36450 2.542090
36526 0.000768
36565 0.000688
36661 1.662744
36674 0.000767
36693 0.000743
36753 0.000880
36757 0.000690
37048 2.260329
37160 0.000795
37216 0.000693
37230 0.000721
37240 0.000692
37271 0.000728
37295 0.000694
37310 0.000730
37320 0.000813
37336 0.000690
37419 1.586747
37474 0.000713
37476 0.000727
37505 0.000795
37709 0.000715
37755 0.000715
37773 0.000716
37900 0.000719
37947 0.000792
38114 0.000676
38123 0.000674
38135 0.000677
38138 0.000673
38255 0.000768
38281 0.000677
38315 0.000677
38489 0.000764
38538 0.000706
38563 0.000673
38581 0.453240
38674 0.000696
38680 0.000693
38684 0.000723
38845 0.000693
38904 1.843481
38935 1.131058
39177 0.000943
39199 0.000674
39248 0.001120
39402 0.791538
39478 0.000741
39675 0.130933
39970 0.000732
40096 0.000689
40203 0.000690
40276 0.000764
40280 0.000696
40282 0.000723
40323 0.000720
40351 0.000774
40470 0.000768
40608 0.000722
40671 0.000691
40705 0.000689
40732 0.000689
40828 0.000751
40903 0.000692
40930 0.000688
41019 0.000770
41157 0.000695
41171 0.000691
41322 0.000776
41360 0.000689
41404 0.000778
41433 0.000690
41557 0.000728
41645 0.000829
41712 0.000733
41739 0.000732
41749 0.000722
41795 0.000733
41838 0.000695
41852 0.000768
41932 0.000686
42125 0.000775
42133 0.000721
42219 0.000699
42321 0.000698
42386 0.000726
42407 0.000729
42517 0.000802
42583 0.000682
42700 0.000689
42727 0.000724
42823 0.000693
42842 0.000694
42867 0.000765
42899 0.000774
42951 0.000731
42962 0.000692
42982 0.000708
43028 0.000691
43084 0.000690
43255 0.000692
43343 0.000849
43869 0.000693
43931 0.000730
43936 0.935127
44052 0.000775
44106 0.000735
44134 0.000724
44213 0.000734
44357 0.000798
44388 0.000737
44401 0.000701
44461 0.000825
44480 0.000733
44683 0.000766
44700 0.000782
44751 0.000692
44892 0.000740
44963 0.000737
44994 0.000691
45024 0.000824
45068 0.000691
45126 0.000693
45280 0.000739
45285 0.000896
45310 0.000729
45327 0.000692
45465 0.000738
45590 0.000774
45786 1.749168
45821 0.000779
45828 0.000677
45929 0.000852
45954 0.000735
45980 0.000675
46093 0.000708
46097 0.000673
46103 0.000706
46177 0.000674
46221 0.000789
46328 0.000675
46333 0.000710
46340 0.000802
46458 0.000715
46525 0.000901
46573 0.000709
46589 0.000748
46635 0.000673
46763 0.000675
46879 0.000727
47007 0.000681
47063 0.000717
47376 0.000796
47472 0.000681
47505 0.000754
47517 0.000731
47548 1.787617
47592 0.000676
47698 0.000673
47785 0.000719
47803 0.000673
47832 0.000712
47988 0.000755
48244 0.000741
48250 0.000716
48272 0.000674
48302 0.000676
48330 0.000672
48442 0.000710
48573 0.000755
48588 0.000677
48631 0.000717
48679 0.788768
48793 0.000727
48828 0.000692
48873 0.000808
48914 0.000694
49190 0.000693
49197 0.000689
49207 0.000725
49294 0.000692
49389 0.000692
49395 0.000731
49438 0.000744
49447 0.000767
49483 0.000737
49543 0.000819
49563 0.000692
49743 0.000692
49827 0.000730
49928 0.000692
50041 1.634794
50078 0.000776
50118 0.000816
50257 0.000810
50313 0.000784
50436 0.000691
50605 0.000729
50691 0.000768
50704 0.000728
50754 0.000688
50755 0.000738
50778 0.000698
50834 0.000724
50918 0.000689
50948 0.000723
51060 0.000728
51147 0.000732
51208 0.506235
51293 0.000697
51302 0.000989
51379 0.000694
51397 0.000692
51421 0.000765
51540 0.000694
51561 0.000872
51569 0.000707
51577 0.000692
51628 0.000724
51796 0.000692
52110 0.000728
52151 0.000731
52158 0.000690
52164 0.000778
52190 0.000773
52204 0.001010
52372 0.243238
52555 0.000794
52757 0.000676
52787 0.000819
52796 0.000778
52854 0.000675
52862 1.439986
52877 0.000878
52907 0.000708
53092 0.001085
53336 0.000924
53505 0.000753
53533 0.000819
53557 0.001129
53622 0.000846
53701 0.000860
53743 0.000940
53873 0.000835
53923 0.773651
53936 0.000698
53985 0.000692
53986 0.000736
54055 0.000730
54132 0.000692
54234 0.000693
54265 0.000689
54269 0.000724
54284 0.000723
54365 0.000692
54393 0.000734
54437 0.000810
54557 0.241434
54576 0.000833
54606 0.000730
54623 0.000790
54686 0.000686
54794 0.000692
54833 0.000688
54843 0.000805
54917 0.000732
54981 0.000726
55102 0.955737
55107 0.000730
55140 0.000727
55179 0.000689
55244 0.000726
55303 0.000822
55322 0.000808
55448 0.000692
55724 0.000691
55735 0.000899
55763 0.000750
55958 0.000689
55968 0.000691
56042 0.000689
56091 0.000690
56114 0.000723
56146 0.000782
56166 0.000731
56173 0.000692
56221 0.000682
56445 0.000693
56505 0.000727
56545 0.000772
56578 0.000695
56602 0.000809
56786 0.000692
56856 0.000817
56948 0.000721
57085 0.000738
57086 0.000773
57099 0.000727
57131 0.000695
57142 1.385973
57293 0.000756
57365 0.000708
57384 0.000711
57400 0.000756
57439 0.000824
57524 0.000710
57616 0.000709
57715 0.000711
57739 0.000709
58001 0.000711
58018 0.000710
58064 0.000802
58066 0.000710
58216 0.000845
58303 0.000743
58433 0.000857
58445 0.000870
58534 0.000760
58581 0.000793
58605 0.000761
58624 0.000792
58660 0.000732
58709 0.000834
58719 0.000711
58806 0.000843
58829 0.000770
58892 0.154850
58907 0.000684
58964 0.000714
58972 0.000679
59189 4.046334
59281 0.001064
59314 0.001016
59423 0.001056
59598 0.001046
59734 0.000987
59742 0.001037
59809 0.000955
59821 0.000951
59827 0.000969
59857 0.000998
59881 1.285476
59892 0.000847
59893 0.000710
59931 0.000706
59952 0.000742
60018 0.000811
60087 0.000709
60175 0.000713
60492 0.000712
60527 0.000711
60581 0.000713
60597 0.000708
60606 0.000754
60760 0.000712
60958 0.000710
60969 0.000769
61058 2.198882
61071 0.000800
61107 0.538447
61112 0.000865
61133 0.000859
61283 0.000902
61286 0.000912
61446 0.000837
61591 0.000866
61680 0.000898
61919 0.000865
61930 0.000833
62092 0.000831
62114 0.000880
62199 0.000937
62268 0.000924
62364 0.000834
62447 0.000949
62521 0.000835
62615 0.000979
62634 0.000883
62647 0.000836
62737 0.000879
62804 0.000865
62835 0.000871
62869 0.000843
62920 0.000876
62931 0.000840
62939 0.000888
62952 2.031122
62976 0.000766
63061 0.000710
63118 0.000748
63120 0.000746
63140 0.000746
63157 0.000715
63216 0.000708
63260 0.000748
63361 0.000715
63402 0.000735
63403 0.000708
63457 0.000728
63475 0.000722
63919 0.000711
63937 0.000709
63942 2.478661
64078 0.000898
64108 0.000833
64193 2.645661
64254 0.000694
64322 0.000693
64330 0.000720
64399 0.000814
64438 0.000737
64512 0.000715
64515 0.000800
64575 0.000693
64577 0.000772
64593 0.000813
64739 0.000692
64744 0.000767
65078 0.000690
65103 0.000723
65141 0.000694
65178 0.000767
65341 0.000693
65349 0.000725
